allocation_time: 801.6742600440979
approach: tessi-srea-corrective-re-allocate
bid_times:
  0: 1.5060883998870849
  1: 1.594403236470324
  2: 1.8187783707019896
  3: 2.0553132387307973
  4: 2.2070441382271904
  5: 2.4188531326211016
  6: 2.6877671259420888
  7: 2.966040279554284
  8: 3.169444195429484
  9: 3.4189707371923657
  10: 3.8238255459329356
  11: 4.231343619028727
  12: 4.613364182020488
bidding_rule: completion_time
completion_rate: 0.9120000000000001
d_graph_re_computation_time: 6.075612926483155
dataset_name: nonoverlapping_random_25_1
experiment_name: robot_scalability_2
experiment_time: 6743.9
finish_time: '2020-01-23T11:46:32.900000'
fleet_idle_time: 83.69080577007139
fleet_travel_time: 10.687745883724318
fleet_work_time: 5.621448346204284
max_n_runs: 10
number_allocated_tasks: 24.0
number_completed_tasks: 22.8
number_delayed_tasks: 5.7
number_early_tasks: 5.5
number_on_time_tasks: 11.6
number_preempted_tasks: 0.0
number_re_allocation_attempts: 1.7
number_re_allocation_attempts_per_task: 1.0
number_re_allocations: 0.5
number_re_allocations_per_task: 0.4
number_re_alloced_tasks: 0.5
number_unallocated_tasks: 1.0
number_unsuccessfully_re_allocated_tasks: 1.2
re_allocation_time: 1.6658925056457519
robot_001_usage: 46.8
robot_002_usage: 44.4
robot_003_usage: 0.0
robot_004_usage: 0.0
robot_005_usage: 0.0
start_time: '2020-01-23T09:54:09'
success_rate: 0.5090909090909091
total_delay: 392.8
total_earliness: 273.5
