allocation_time: 326.87438356876373
approach: tessi-srea-corrective-re-allocate
bid_times:
  0: 0.551273922920227
  1: 0.7104900988665495
  2: 0.8903692932689891
  3: 1.0892910301685332
  4: 1.2923971482685634
  5: 1.5749828815460205
bidding_rule: completion_time
completion_rate: 1.0
d_graph_re_computation_time: 8.612617015838623
dataset_name: nonoverlapping_random_25_1
experiment_name: robot_scalability_5_1
experiment_time: 6515.5
finish_time: '2020-01-23T11:44:30.500000'
fleet_idle_time: 86.39251189197483
fleet_travel_time: 8.55301519103882
fleet_work_time: 5.054472916986343
max_n_runs: 2
number_allocated_tasks: 25.0
number_completed_tasks: 25.0
number_delayed_tasks: 0.0
number_early_tasks: 0.5
number_on_time_tasks: 24.5
number_preempted_tasks: 0.0
number_re_allocation_attempts: 0.0
number_re_allocation_attempts_per_task: 0.0
number_re_allocations: 0.0
number_re_allocations_per_task: 0.0
number_re_alloced_tasks: 0.0
number_unallocated_tasks: 0.0
number_unsuccessfully_re_allocated_tasks: 0.0
re_allocation_time: 0.0
robot_001_usage: 20.0
robot_002_usage: 20.0
robot_003_usage: 20.0
robot_004_usage: 20.0
robot_005_usage: 20.0
start_time: '2020-01-23T09:55:55'
success_rate: 0.98
total_delay: 0.0
total_earliness: 0.5
