allocation_time: 199.06499791145325
approach: tessi-dsc-corrective-re-allocate
bid_times:
  0: 0.08266703033447266
  1: 0.24971636454264323
  2: 0.427157406549196
  3: 0.6299674831587693
  4: 0.8643291473388672
  5: 1.1206682516978337
  6: 1.4248389959335326
bidding_rule: completion_time
completion_rate: 1.0
d_graph_re_computation_time: 0.9116164445877075
dataset_name: nonoverlapping_random_25_1
experiment_name: robot_scalability_4
experiment_time: 6492.9400000000005
finish_time: '2020-01-23T11:47:29.540000'
fleet_idle_time: 82.94502720558485
fleet_travel_time: 10.682947744744581
fleet_work_time: 6.372025049670573
max_n_runs: 10
number_allocated_tasks: 25.0
number_completed_tasks: 25.0
number_delayed_tasks: 2.9
number_early_tasks: 8.0
number_on_time_tasks: 14.1
number_preempted_tasks: 0.0
number_re_allocation_attempts: 0.0
number_re_allocation_attempts_per_task: 0.0
number_re_allocations: 0.0
number_re_allocations_per_task: 0.0
number_re_alloced_tasks: 0.0
number_unallocated_tasks: 0.0
number_unsuccessfully_re_allocated_tasks: 0.0
re_allocation_time: 0.0
robot_001_usage: 24.0
robot_002_usage: 24.0
robot_003_usage: 24.0
robot_004_usage: 28.000000000000007
robot_005_usage: 0.0
start_time: '2020-01-23T09:59:16.600000'
success_rate: 0.5640000000000001
total_delay: 371.3
total_earliness: 1339.1
