allocation_time: 206.41101655960082
approach: tessi-dsc-corrective-preempt
bid_times: {}
bidding_rule: completion_time
completion_rate: 0.6906666666666665
d_graph_re_computation_time: 0.793645191192627
dataset_name: overlapping_random_25_5_1
experiment_name: intentional_delays
experiment_time: 1136.944
finish_time: '2020-01-23T08:58:44.644000'
fleet_idle_time: 56.90672733000466
fleet_travel_time: 24.70135293740469
fleet_work_time: 18.39191973259065
max_n_runs: 15
number_allocated_tasks: 25.0
number_completed_tasks: 17.266666666666666
number_delayed_tasks: 3.0
number_early_tasks: 0.7333333333333333
number_on_time_tasks: 13.533333333333333
number_preempted_tasks: 7.733333333333333
number_re_allocation_attempts: 0.0
number_re_allocation_attempts_per_task: 0.0
number_re_allocations: 0.0
number_re_allocations_per_task: 0.0
number_re_alloced_tasks: 0.0
number_unallocated_tasks: 0.0
number_unsuccessfully_re_allocated_tasks: 0.0
re_allocation_time: 0.0
robot_001_usage: 12.8
robot_002_usage: 16.8
robot_003_usage: 13.333333333333334
robot_004_usage: 20.355555555555554
robot_005_usage: 8.444444444444445
start_time: '2020-01-23T08:39:47.700000'
success_rate: 0.7832953707798909
total_delay: 288.6666666666667
total_earliness: 26.466666666666665
