allocation_time: 213.79140524864198
approach: tessi-dsc-corrective-preempt
bid_times: {}
bidding_rule: completion_time
completion_rate: 0.8720000000000001
d_graph_re_computation_time: 1.0363604545593261
dataset_name: overlapping_loose_25_5_1
experiment_name: intentional_delays
experiment_time: 1463.6633333333336
finish_time: '2020-01-23T09:04:11.363333'
fleet_idle_time: 59.324357161103805
fleet_travel_time: 23.394538283727623
fleet_work_time: 17.281104555168568
max_n_runs: 15
number_allocated_tasks: 24.6
number_completed_tasks: 21.8
number_delayed_tasks: 4.0
number_early_tasks: 0.8
number_on_time_tasks: 17.0
number_preempted_tasks: 2.8
number_re_allocation_attempts: 0.0
number_re_allocation_attempts_per_task: 0.0
number_re_allocations: 0.0
number_re_allocations_per_task: 0.0
number_re_alloced_tasks: 0.0
number_unallocated_tasks: 0.4
number_unsuccessfully_re_allocated_tasks: 0.0
re_allocation_time: 0.0
robot_001_usage: 16.67878787878788
robot_002_usage: 18.84848484848485
robot_003_usage: 20.181818181818183
robot_004_usage: 20.181818181818183
robot_005_usage: 12.109090909090908
start_time: '2020-01-23T08:39:47.700000'
success_rate: 0.779588430892779
total_delay: 351.6
total_earliness: 22.866666666666667
