allocation_time: 211.10748214721679
approach: tessi-dsc-corrective-preempt
bid_times: {}
bidding_rule: completion_time
completion_rate: 0.712
d_graph_re_computation_time: 0.8572351137797037
dataset_name: overlapping_tight_25_5_1
experiment_name: intentional_delays
experiment_time: 1135.3726666666666
finish_time: '2020-01-23T08:58:43.072667'
fleet_idle_time: 60.73448758772307
fleet_travel_time: 21.103087487058318
fleet_work_time: 18.162424925218605
max_n_runs: 15
number_allocated_tasks: 24.866666666666667
number_completed_tasks: 17.8
number_delayed_tasks: 2.933333333333333
number_early_tasks: 1.9333333333333333
number_on_time_tasks: 12.933333333333334
number_preempted_tasks: 7.066666666666666
number_re_allocation_attempts: 0.0
number_re_allocation_attempts_per_task: 0.0
number_re_allocations: 0.0
number_re_allocations_per_task: 0.0
number_re_alloced_tasks: 0.0
number_unallocated_tasks: 0.13333333333333333
number_unsuccessfully_re_allocated_tasks: 0.0
re_allocation_time: 0.0
robot_001_usage: 14.444444444444445
robot_002_usage: 10.977777777777778
robot_003_usage: 16.414814814814815
robot_004_usage: 19.985185185185184
robot_005_usage: 11.244444444444444
start_time: '2020-01-23T08:39:47.700000'
success_rate: 0.7228529657477024
total_delay: 248.8
total_earliness: 32.2
