allocation_time: 33.70736985206604
approach: tessi-corrective-re-allocate
bid_times: {}
bidding_rule: completion_time
completion_rate: 0.9733333333333334
d_graph_re_computation_time: 0.03646135330200195
dataset_name: overlapping_random_15_5_1
experiment_name: task_scalability
experiment_time: 756.8000000000001
finish_time: '2020-01-23T08:52:11.680000'
fleet_idle_time: 49.537936466264114
fleet_travel_time: 33.622998162247306
fleet_work_time: 16.83906537148858
max_n_runs: 10
number_allocated_tasks: 15.0
number_completed_tasks: 14.6
number_delayed_tasks: 0.0
number_early_tasks: 3.8
number_on_time_tasks: 10.8
number_preempted_tasks: 0.0
number_re_allocation_attempts: 1.0
number_re_allocation_attempts_per_task: 1.0
number_re_allocations: 0.6
number_re_allocations_per_task: 0.6
number_re_alloced_tasks: 0.6
number_unallocated_tasks: 0.0
number_unsuccessfully_re_allocated_tasks: 0.4
re_allocation_time: 0.31128065586090087
robot_001_usage: 20.0
robot_002_usage: 17.333333333333336
robot_003_usage: 20.0
robot_004_usage: 20.0
robot_005_usage: 20.0
start_time: '2020-01-23T08:39:34.880000'
success_rate: 0.7395238095238095
total_delay: 0.0
total_earliness: 10.5
