allocation_time: 103.23995127677918
approach: tessi-corrective-re-allocate
bid_times:
  0: 0.02854884386062622
  1: 0.10151805734449579
  2: 0.1933418175866527
  3: 0.3045257216691971
  4: 0.40157705822161266
  5: 0.5450681746006012
bidding_rule: completion_time
completion_rate: 1.0
d_graph_re_computation_time: 0.11447434425354004
dataset_name: overlapping_random_25_5_1
experiment_name: task_scalability
experiment_time: 1193.3200000000002
finish_time: '2020-01-23T08:59:28.200000'
fleet_idle_time: 47.89402514148345
fleet_travel_time: 30.08797849785479
fleet_work_time: 22.01799636066176
max_n_runs: 10
number_allocated_tasks: 25.0
number_completed_tasks: 25.0
number_delayed_tasks: 0.4
number_early_tasks: 4.7
number_on_time_tasks: 19.9
number_preempted_tasks: 0.0
number_re_allocation_attempts: 3.0
number_re_allocation_attempts_per_task: 1.0
number_re_allocations: 3.0
number_re_allocations_per_task: 1.0
number_re_alloced_tasks: 3.0
number_unallocated_tasks: 0.0
number_unsuccessfully_re_allocated_tasks: 0.0
re_allocation_time: 3.9937698602676392
robot_001_usage: 20.0
robot_002_usage: 20.0
robot_003_usage: 20.0
robot_004_usage: 20.0
robot_005_usage: 20.0
start_time: '2020-01-23T08:39:34.880000'
success_rate: 0.7959999999999999
total_delay: 1.5
total_earliness: 11.6
