allocation_time: 341.4524545033773
approach: tessi-srea-preventive-re-schedule-preempt
bid_times: {}
bidding_rule: completion_time
completion_rate: 0.8800000000000001
d_graph_re_computation_time: 34.86879642804464
dataset_name: overlapping_loose_25_5_1
experiment_name: intentional_delays
experiment_time: 1515.4
finish_time: '2020-01-23T09:05:04.400000'
fleet_idle_time: 53.627631310034744
fleet_travel_time: 28.95892090741876
fleet_work_time: 17.413447782546495
max_n_runs: 15
number_allocated_tasks: 24.066666666666666
number_completed_tasks: 22.0
number_delayed_tasks: 5.266666666666667
number_early_tasks: 1.2666666666666666
number_on_time_tasks: 15.466666666666667
number_preempted_tasks: 2.066666666666667
number_re_allocation_attempts: 0.0
number_re_allocation_attempts_per_task: 0.0
number_re_allocations: 0.0
number_re_allocations_per_task: 0.0
number_re_alloced_tasks: 0.0
number_unallocated_tasks: 0.9333333333333333
number_unsuccessfully_re_allocated_tasks: 0.0
re_allocation_time: 0.0
robot_001_usage: 17.866666666666667
robot_002_usage: 18.666666666666668
robot_003_usage: 20.0
robot_004_usage: 17.6
robot_005_usage: 13.866666666666667
start_time: '2020-01-23T08:39:49'
success_rate: 0.7030930422234771
total_delay: 628.0
total_earliness: 35.266666666666666
