allocation_time: 342.65282243092855
approach: tessi-srea-preventive-re-schedule-preempt
bid_times: {}
bidding_rule: completion_time
completion_rate: 0.8613333333333333
d_graph_re_computation_time: 33.47421398162842
dataset_name: overlapping_tight_25_5_1
experiment_name: intentional_delays
experiment_time: 1044.8
finish_time: '2020-01-23T08:57:13.800000'
fleet_idle_time: 50.79300443748369
fleet_travel_time: 27.15322370138345
fleet_work_time: 22.053771861132862
max_n_runs: 15
number_allocated_tasks: 25.0
number_completed_tasks: 21.533333333333335
number_delayed_tasks: 2.8
number_early_tasks: 1.4666666666666666
number_on_time_tasks: 17.266666666666666
number_preempted_tasks: 3.466666666666667
number_re_allocation_attempts: 0.0
number_re_allocation_attempts_per_task: 0.0
number_re_allocations: 0.0
number_re_allocations_per_task: 0.0
number_re_alloced_tasks: 0.0
number_unallocated_tasks: 0.0
number_unsuccessfully_re_allocated_tasks: 0.0
re_allocation_time: 0.0
robot_001_usage: 16.0
robot_002_usage: 20.0
robot_003_usage: 20.0
robot_004_usage: 16.8
robot_005_usage: 13.333333333333334
start_time: '2020-01-23T08:39:49'
success_rate: 0.8023603530125271
total_delay: 231.8
total_earliness: 31.8
