allocation_time: 351.9200378100077
approach: tessi-srea-preventive-re-schedule-preempt
bid_times: {}
bidding_rule: completion_time
completion_rate: 0.8293333333333334
d_graph_re_computation_time: 33.76225711504618
dataset_name: overlapping_random_25_5_1
experiment_name: intentional_delays
experiment_time: 1262.8
finish_time: '2020-01-23T09:00:51.800000'
fleet_idle_time: 48.87918486171761
fleet_travel_time: 31.52159146045609
fleet_work_time: 19.5992236778263
max_n_runs: 15
number_allocated_tasks: 25.0
number_completed_tasks: 20.733333333333334
number_delayed_tasks: 5.2
number_early_tasks: 2.3333333333333335
number_on_time_tasks: 13.2
number_preempted_tasks: 4.266666666666667
number_re_allocation_attempts: 0.0
number_re_allocation_attempts_per_task: 0.0
number_re_allocations: 0.0
number_re_allocations_per_task: 0.0
number_re_alloced_tasks: 0.0
number_unallocated_tasks: 0.0
number_unsuccessfully_re_allocated_tasks: 0.0
re_allocation_time: 0.0
robot_001_usage: 16.266666666666666
robot_002_usage: 17.866666666666667
robot_003_usage: 20.0
robot_004_usage: 14.4
robot_005_usage: 14.4
start_time: '2020-01-23T08:39:49'
success_rate: 0.6368385390353354
total_delay: 545.1333333333333
total_earliness: 56.666666666666664
