allocation_time: 362.72988878885906
approach: tessi-srea-corrective-preempt
bid_times: {}
bidding_rule: completion_time
completion_rate: 0.8106666666666666
d_graph_re_computation_time: 7.566799513498942
dataset_name: overlapping_tight_25_5_1
experiment_name: intentional_delays
experiment_time: 1026.4666666666667
finish_time: '2020-01-23T08:56:55.466667'
fleet_idle_time: 47.561581920903954
fleet_travel_time: 31.014689265536724
fleet_work_time: 21.423728813559322
max_n_runs: 15
number_allocated_tasks: 25.0
number_completed_tasks: 20.266666666666666
number_delayed_tasks: 3.466666666666667
number_early_tasks: 1.4
number_on_time_tasks: 15.4
number_preempted_tasks: 4.733333333333333
number_re_allocation_attempts: 0.0
number_re_allocation_attempts_per_task: 0.0
number_re_allocations: 0.0
number_re_allocations_per_task: 0.0
number_re_alloced_tasks: 0.0
number_unallocated_tasks: 0.0
number_unsuccessfully_re_allocated_tasks: 0.0
re_allocation_time: 0.0
robot_001_usage: 12.533333333333333
robot_002_usage: 20.0
robot_003_usage: 20.0
robot_004_usage: 13.866666666666667
robot_005_usage: 14.666666666666666
start_time: '2020-01-23T08:39:49'
success_rate: 0.7581952355636566
total_delay: 380.6666666666667
total_earliness: 14.733333333333333
