allocation_time: 349.3379843235016
approach: tessi-srea-corrective-preempt
bid_times: {}
bidding_rule: completion_time
completion_rate: 0.8560000000000001
d_graph_re_computation_time: 7.699246501922607
dataset_name: overlapping_loose_25_5_1
experiment_name: intentional_delays
experiment_time: 1452.6666666666667
finish_time: '2020-01-23T09:04:01.666667'
fleet_idle_time: 55.99759036144578
fleet_travel_time: 27.62168674698795
fleet_work_time: 16.380722891566265
max_n_runs: 15
number_allocated_tasks: 24.066666666666666
number_completed_tasks: 21.4
number_delayed_tasks: 4.8
number_early_tasks: 1.2666666666666666
number_on_time_tasks: 15.333333333333334
number_preempted_tasks: 2.6666666666666665
number_re_allocation_attempts: 0.0
number_re_allocation_attempts_per_task: 0.0
number_re_allocations: 0.0
number_re_allocations_per_task: 0.0
number_re_alloced_tasks: 0.0
number_unallocated_tasks: 0.9333333333333333
number_unsuccessfully_re_allocated_tasks: 0.0
re_allocation_time: 0.0
robot_001_usage: 16.533333333333335
robot_002_usage: 17.6
robot_003_usage: 20.0
robot_004_usage: 16.533333333333335
robot_005_usage: 14.933333333333334
start_time: '2020-01-23T08:39:49'
success_rate: 0.7163008971704624
total_delay: 585.4
total_earliness: 19.066666666666666
