allocation_time: 358.2852057615916
approach: tessi-srea-corrective-preempt
bid_times: {}
bidding_rule: completion_time
completion_rate: 0.8106666666666666
d_graph_re_computation_time: 8.0788756052653
dataset_name: overlapping_random_25_5_1
experiment_name: intentional_delays
experiment_time: 1253.9333333333334
finish_time: '2020-01-23T09:00:42.933333'
fleet_idle_time: 49.314023654356745
fleet_travel_time: 31.369538981414433
fleet_work_time: 19.31643736422882
max_n_runs: 15
number_allocated_tasks: 25.0
number_completed_tasks: 20.266666666666666
number_delayed_tasks: 5.0
number_early_tasks: 2.066666666666667
number_on_time_tasks: 13.2
number_preempted_tasks: 4.733333333333333
number_re_allocation_attempts: 0.0
number_re_allocation_attempts_per_task: 0.0
number_re_allocations: 0.0
number_re_allocations_per_task: 0.0
number_re_alloced_tasks: 0.0
number_unallocated_tasks: 0.0
number_unsuccessfully_re_allocated_tasks: 0.0
re_allocation_time: 0.0
robot_001_usage: 16.87017543859649
robot_002_usage: 16.87017543859649
robot_003_usage: 20.42105263157895
robot_004_usage: 14.385964912280702
robot_005_usage: 14.119298245614035
start_time: '2020-01-23T08:39:49'
success_rate: 0.6518938540906505
total_delay: 540.6666666666666
total_earliness: 39.53333333333333
