allocation_time: 422.92845759391787
approach: tessi-dsc-corrective-re-allocate
bid_times:
  0: 0.19174083614349366
  1: 0.4977323974388233
  2: 0.8065089698632558
  3: 1.1393437488406313
  4: 1.4863737253915696
  5: 1.8607110854351159
  6: 2.2634045908848446
  7: 2.6611252959569294
  8: 3.1585360527038575
bidding_rule: completion_time
completion_rate: 1.0
d_graph_re_computation_time: 0.8243022918701172
dataset_name: nonoverlapping_random_25_1
experiment_name: robot_scalability_3_1
experiment_time: 6378.510000000001
finish_time: '2020-01-23T11:44:37.950000'
fleet_idle_time: 84.51579970907429
fleet_travel_time: 10.374054060825081
fleet_work_time: 5.110146230100634
max_n_runs: 10
number_allocated_tasks: 25.0
number_completed_tasks: 25.0
number_delayed_tasks: 0.0
number_early_tasks: 0.2
number_on_time_tasks: 24.8
number_preempted_tasks: 0.0
number_re_allocation_attempts: 0.0
number_re_allocation_attempts_per_task: 0.0
number_re_allocations: 0.0
number_re_allocations_per_task: 0.0
number_re_alloced_tasks: 0.0
number_unallocated_tasks: 0.0
number_unsuccessfully_re_allocated_tasks: 0.0
re_allocation_time: 0.0
robot_001_usage: 32.0
robot_002_usage: 32.0
robot_003_usage: 36.0
robot_004_usage: 0.0
robot_005_usage: 0.0
start_time: '2020-01-23T09:58:19.440000'
success_rate: 0.992
total_delay: 0.0
total_earliness: 0.5
