allocation_time: 644.0065954446793
approach: tessi-srea-corrective-re-allocate
bid_times:
  0: 1.1081812057495117
  1: 1.3092047045196311
  2: 1.5490136396884917
  3: 1.8277290283464918
  4: 2.0857612382797965
  5: 2.3525403239510276
  6: 2.7020930856466294
  7: 3.0527505016326906
  8: 3.4325220863024395
bidding_rule: completion_time
completion_rate: 1.0
d_graph_re_computation_time: 5.9431496381759645
dataset_name: nonoverlapping_random_25_1
experiment_name: robot_scalability_3_1
experiment_time: 6526.9
finish_time: '2020-01-23T11:44:41.900000'
fleet_idle_time: 84.85644322007958
fleet_travel_time: 10.147535965717784
fleet_work_time: 4.996020814202632
max_n_runs: 10
number_allocated_tasks: 25.0
number_completed_tasks: 25.0
number_delayed_tasks: 0.0
number_early_tasks: 0.3
number_on_time_tasks: 24.7
number_preempted_tasks: 0.0
number_re_allocation_attempts: 0.0
number_re_allocation_attempts_per_task: 0.0
number_re_allocations: 0.0
number_re_allocations_per_task: 0.0
number_re_alloced_tasks: 0.0
number_unallocated_tasks: 0.0
number_unsuccessfully_re_allocated_tasks: 0.0
re_allocation_time: 0.0
robot_001_usage: 36.0
robot_002_usage: 32.0
robot_003_usage: 32.0
robot_004_usage: 0.0
robot_005_usage: 0.0
start_time: '2020-01-23T09:55:55'
success_rate: 0.9879999999999999
total_delay: 0.0
total_earliness: 0.3
