allocation_time: 238.1627070903778
approach: tessi-corrective-re-allocate
bid_times:
  0: 0.07961025238037109
  1: 0.23184620683843438
  2: 0.4010203612478156
  3: 0.6006499151388804
  4: 0.7933276457664294
  5: 0.9931686353683471
  6: 1.2389964807601204
  7: 1.4962056477864583
  8: 1.8616010983784994
bidding_rule: completion_time
completion_rate: 1.0
d_graph_re_computation_time: 0.16405911445617677
dataset_name: nonoverlapping_random_25_1
experiment_name: robot_scalability_3
experiment_time: 6686.359000000001
finish_time: '2020-01-23T11:45:20.639000'
fleet_idle_time: 81.16552545836176
fleet_travel_time: 12.105199987119326
fleet_work_time: 6.729274554518922
max_n_runs: 10
number_allocated_tasks: 25.0
number_completed_tasks: 25.0
number_delayed_tasks: 4.0
number_early_tasks: 9.1
number_on_time_tasks: 11.9
number_preempted_tasks: 0.0
number_re_allocation_attempts: 1.4
number_re_allocation_attempts_per_task: 0.2
number_re_allocations: 1.4
number_re_allocations_per_task: 0.2
number_re_alloced_tasks: 1.4
number_unallocated_tasks: 0.0
number_unsuccessfully_re_allocated_tasks: 0.0
re_allocation_time: 5.535667848587036
robot_001_usage: 36.0
robot_002_usage: 32.0
robot_003_usage: 32.0
robot_004_usage: 0.0
robot_005_usage: 0.0
start_time: '2020-01-23T09:53:54.280000'
success_rate: 0.476
total_delay: 252.7
total_earliness: 429.9
