allocation_time: 348.4517606973648
approach: tessi-srea-preventive-re-schedule-re-allocate
bid_times:
  0: 0.5825963382720948
  1: 0.7383223242229886
  2: 0.8944592914065799
  3: 1.0695487170383848
  4: 1.2695059606007166
  5: 1.5252214908599853
  6: 1.823601999282837
bidding_rule: completion_time
completion_rate: 1.0
d_graph_re_computation_time: 36.24621937274933
dataset_name: nonoverlapping_random_25_1
experiment_name: robot_scalability_4
experiment_time: 6662.5
finish_time: '2020-01-23T11:45:11.500000'
fleet_idle_time: 84.14462389058636
fleet_travel_time: 9.52015131674669
fleet_work_time: 6.335224792666958
max_n_runs: 10
number_allocated_tasks: 25.0
number_completed_tasks: 25.0
number_delayed_tasks: 3.9
number_early_tasks: 5.8
number_on_time_tasks: 15.3
number_preempted_tasks: 0.0
number_re_allocation_attempts: 0.0
number_re_allocation_attempts_per_task: 0.0
number_re_allocations: 0.0
number_re_allocations_per_task: 0.0
number_re_alloced_tasks: 0.0
number_unallocated_tasks: 0.0
number_unsuccessfully_re_allocated_tasks: 0.0
re_allocation_time: 0.0
robot_001_usage: 28.000000000000007
robot_002_usage: 24.0
robot_003_usage: 24.0
robot_004_usage: 24.0
robot_005_usage: 0.0
start_time: '2020-01-23T09:54:09'
success_rate: 0.6119999999999999
total_delay: 286.5
total_earliness: 418.0
