allocation_time: 190.87051413059234
approach: tessi-dsc-corrective-re-allocate
bid_times:
  0: 0.08900085025363498
  1: 0.26248623770896834
  2: 0.46912093723521514
  3: 0.7082546891989531
  4: 0.9449539404066782
  5: 1.2327648242314657
bidding_rule: completion_time
completion_rate: 1.0
d_graph_re_computation_time: 1.11269109249115
dataset_name: nonoverlapping_random_25_1
experiment_name: robot_scalability_5
experiment_time: 6493.939999999999
finish_time: '2020-01-23T11:47:30.540000'
fleet_idle_time: 80.67231938775204
fleet_travel_time: 12.541411738557146
fleet_work_time: 6.786268873690819
max_n_runs: 10
number_allocated_tasks: 25.0
number_completed_tasks: 25.0
number_delayed_tasks: 2.0
number_early_tasks: 12.9
number_on_time_tasks: 10.1
number_preempted_tasks: 0.0
number_re_allocation_attempts: 0.0
number_re_allocation_attempts_per_task: 0.0
number_re_allocations: 0.0
number_re_allocations_per_task: 0.0
number_re_alloced_tasks: 0.0
number_unallocated_tasks: 0.0
number_unsuccessfully_re_allocated_tasks: 0.0
re_allocation_time: 0.0
robot_001_usage: 20.0
robot_002_usage: 20.0
robot_003_usage: 20.0
robot_004_usage: 20.0
robot_005_usage: 20.0
start_time: '2020-01-23T09:59:16.600000'
success_rate: 0.404
total_delay: 225.8
total_earliness: 2373.2
