allocation_time: 104.68768420219422
approach: tessi-corrective-preempt
bid_times: {}
bidding_rule: completion_time
completion_rate: 0.5653333333333332
d_graph_re_computation_time: 0.06228227615356445
dataset_name: overlapping_random_25_5_1
experiment_name: intentional_delays
experiment_time: 1158.9746666666667
finish_time: '2020-01-23T08:58:53.854667'
fleet_idle_time: 62.04996628344929
fleet_travel_time: 24.961212260763254
fleet_work_time: 12.988821455787459
max_n_runs: 15
number_allocated_tasks: 25.0
number_completed_tasks: 14.133333333333333
number_delayed_tasks: 3.4
number_early_tasks: 2.933333333333333
number_on_time_tasks: 7.8
number_preempted_tasks: 10.866666666666667
number_re_allocation_attempts: 0.0
number_re_allocation_attempts_per_task: 0.0
number_re_allocations: 0.0
number_re_allocations_per_task: 0.0
number_re_alloced_tasks: 0.0
number_unallocated_tasks: 0.0
number_unsuccessfully_re_allocated_tasks: 0.0
re_allocation_time: 0.0
robot_001_usage: 6.4
robot_002_usage: 8.0
robot_003_usage: 20.0
robot_004_usage: 8.266666666666667
robot_005_usage: 13.866666666666667
start_time: '2020-01-23T08:39:34.880000'
success_rate: 0.5615445407705468
total_delay: 258.26666666666665
total_earliness: 29.4
