allocation_time: 104.44776085217794
approach: tessi-corrective-preempt
bid_times: {}
bidding_rule: completion_time
completion_rate: 0.624
d_graph_re_computation_time: 0.06936424573262533
dataset_name: overlapping_tight_25_5_1
experiment_name: intentional_delays
experiment_time: 1023.3440000000003
finish_time: '2020-01-23T08:56:38.224000'
fleet_idle_time: 51.18657707795224
fleet_travel_time: 30.750113169363498
fleet_work_time: 18.06330975268426
max_n_runs: 15
number_allocated_tasks: 25.0
number_completed_tasks: 15.6
number_delayed_tasks: 3.533333333333333
number_early_tasks: 3.2
number_on_time_tasks: 8.866666666666667
number_preempted_tasks: 9.4
number_re_allocation_attempts: 0.0
number_re_allocation_attempts_per_task: 0.0
number_re_allocations: 0.0
number_re_allocations_per_task: 0.0
number_re_alloced_tasks: 0.0
number_unallocated_tasks: 0.0
number_unsuccessfully_re_allocated_tasks: 0.0
re_allocation_time: 0.0
robot_001_usage: 6.933333333333334
robot_002_usage: 10.133333333333333
robot_003_usage: 20.0
robot_004_usage: 12.266666666666667
robot_005_usage: 13.066666666666666
start_time: '2020-01-23T08:39:34.880000'
success_rate: 0.5595971326002285
total_delay: 389.4
total_earliness: 72.8
