allocation_time: 102.89371673266093
approach: tessi-corrective-preempt
bid_times: {}
bidding_rule: completion_time
completion_rate: 0.792
d_graph_re_computation_time: 0.08649433453877767
dataset_name: overlapping_loose_25_5_1
experiment_name: intentional_delays
experiment_time: 1562.668666666667
finish_time: '2020-01-23T09:05:37.548667'
fleet_idle_time: 56.97350353357233
fleet_travel_time: 28.103568820896594
fleet_work_time: 14.922927645531082
max_n_runs: 15
number_allocated_tasks: 23.866666666666667
number_completed_tasks: 19.8
number_delayed_tasks: 5.533333333333333
number_early_tasks: 3.0
number_on_time_tasks: 11.266666666666667
number_preempted_tasks: 4.066666666666666
number_re_allocation_attempts: 0.0
number_re_allocation_attempts_per_task: 0.0
number_re_allocations: 0.0
number_re_allocations_per_task: 0.0
number_re_alloced_tasks: 0.0
number_unallocated_tasks: 1.1333333333333333
number_unsuccessfully_re_allocated_tasks: 0.0
re_allocation_time: 0.0
robot_001_usage: 16.0
robot_002_usage: 14.4
robot_003_usage: 20.0
robot_004_usage: 12.8
robot_005_usage: 16.0
start_time: '2020-01-23T08:39:34.880000'
success_rate: 0.5644013666072489
total_delay: 596.8
total_earliness: 44.46666666666667
