allocation_time: 666.9621561765671
approach: tessi-srea-corrective-re-allocate
bid_times:
  0: 1.1859071617126464
  1: 1.3829143938810928
  2: 1.597382132212321
  3: 1.8705974410561954
  4: 2.1345417522248766
  5: 2.4102452783873587
  6: 2.659090975920359
  7: 3.055550203323364
  8: 3.3525771220525105
bidding_rule: completion_time
completion_rate: 1.0
d_graph_re_computation_time: 6.214854741096497
dataset_name: nonoverlapping_random_25_1
experiment_name: robot_scalability_3
experiment_time: 6716.7
finish_time: '2020-01-23T11:46:05.700000'
fleet_idle_time: 82.84310294546515
fleet_travel_time: 10.916302128900554
fleet_work_time: 6.240594925634296
max_n_runs: 10
number_allocated_tasks: 25.0
number_completed_tasks: 25.0
number_delayed_tasks: 4.9
number_early_tasks: 5.9
number_on_time_tasks: 14.2
number_preempted_tasks: 0.0
number_re_allocation_attempts: 0.0
number_re_allocation_attempts_per_task: 0.0
number_re_allocations: 0.0
number_re_allocations_per_task: 0.0
number_re_alloced_tasks: 0.0
number_unallocated_tasks: 0.0
number_unsuccessfully_re_allocated_tasks: 0.0
re_allocation_time: 0.0
robot_001_usage: 36.0
robot_002_usage: 32.0
robot_003_usage: 32.0
robot_004_usage: 0.0
robot_005_usage: 0.0
start_time: '2020-01-23T09:54:09'
success_rate: 0.5680000000000001
total_delay: 346.9
total_earliness: 342.4
