allocation_time: 307.5590962409973
approach: tessi-srea-preventive-re-schedule-re-allocate
bid_times:
  0: 0.5188473501205444
  1: 0.6726772579279813
  2: 0.8451754752327414
  3: 1.0169775823752085
  4: 1.2298904527936663
  5: 1.451080985069275
bidding_rule: completion_time
completion_rate: 1.0
d_graph_re_computation_time: 37.172825288772586
dataset_name: nonoverlapping_random_25_1
experiment_name: robot_scalability_5_1
experiment_time: 6521.4
finish_time: '2020-01-23T11:44:36.400000'
fleet_idle_time: 86.40165441176471
fleet_travel_time: 8.585477941176471
fleet_work_time: 5.012867647058823
max_n_runs: 10
number_allocated_tasks: 25.0
number_completed_tasks: 25.0
number_delayed_tasks: 0.0
number_early_tasks: 0.1
number_on_time_tasks: 24.9
number_preempted_tasks: 0.0
number_re_allocation_attempts: 0.0
number_re_allocation_attempts_per_task: 0.0
number_re_allocations: 0.0
number_re_allocations_per_task: 0.0
number_re_alloced_tasks: 0.0
number_unallocated_tasks: 0.0
number_unsuccessfully_re_allocated_tasks: 0.0
re_allocation_time: 0.0
robot_001_usage: 20.0
robot_002_usage: 20.0
robot_003_usage: 20.0
robot_004_usage: 20.0
robot_005_usage: 20.0
start_time: '2020-01-23T09:55:55'
success_rate: 0.9960000000000001
total_delay: 0.0
total_earliness: 0.1
