allocation_time: 322.0308885574341
approach: tessi-srea-preventive-re-schedule-re-allocate
bid_times:
  0: 0.559564471244812
  1: 0.7051581133495677
  2: 0.8581417027641745
  3: 1.099820903937022
  4: 1.2740934542247229
  5: 1.486025857925415
bidding_rule: completion_time
completion_rate: 1.0
d_graph_re_computation_time: 38.718841791152954
dataset_name: nonoverlapping_random_25_1
experiment_name: robot_scalability_5_1
experiment_time: 6523.0
finish_time: '2020-01-23T11:44:38'
fleet_idle_time: 86.40042925034493
fleet_travel_time: 8.562011344473401
fleet_work_time: 5.037559405181665
max_n_runs: 2
number_allocated_tasks: 25.0
number_completed_tasks: 25.0
number_delayed_tasks: 0.0
number_early_tasks: 0.5
number_on_time_tasks: 24.5
number_preempted_tasks: 0.0
number_re_allocation_attempts: 0.0
number_re_allocation_attempts_per_task: 0.0
number_re_allocations: 0.0
number_re_allocations_per_task: 0.0
number_re_alloced_tasks: 0.0
number_unallocated_tasks: 0.0
number_unsuccessfully_re_allocated_tasks: 0.0
re_allocation_time: 0.0
robot_001_usage: 20.0
robot_002_usage: 20.0
robot_003_usage: 20.0
robot_004_usage: 20.0
robot_005_usage: 20.0
start_time: '2020-01-23T09:55:55'
success_rate: 0.98
total_delay: 0.0
total_earliness: 0.5
