allocation_time: 122.48614795207978
approach: tessi-corrective-re-allocate
bid_times:
  0: 0.02809860420227051
  1: 0.11890766700108846
  2: 0.21243768543810457
  3: 0.31913317277513703
  4: 0.45221324761708576
  5: 0.6077426754511319
  6: 0.795662477016449
bidding_rule: completion_time
completion_rate: 1.0
d_graph_re_computation_time: 0.14057750701904298
dataset_name: nonoverlapping_random_25_1
experiment_name: robot_scalability_4_1
experiment_time: 6528.439000000001
finish_time: '2020-01-23T11:44:29.570000'
fleet_idle_time: 86.013598977103
fleet_travel_time: 8.985666385195698
fleet_work_time: 5.000734637701301
max_n_runs: 10
number_allocated_tasks: 25.0
number_completed_tasks: 25.0
number_delayed_tasks: 0.0
number_early_tasks: 8.2
number_on_time_tasks: 16.8
number_preempted_tasks: 0.0
number_re_allocation_attempts: 0.0
number_re_allocation_attempts_per_task: 0.0
number_re_allocations: 0.0
number_re_allocations_per_task: 0.0
number_re_alloced_tasks: 0.0
number_unallocated_tasks: 0.0
number_unsuccessfully_re_allocated_tasks: 0.0
re_allocation_time: 0.0
robot_001_usage: 28.000000000000007
robot_002_usage: 24.0
robot_003_usage: 24.0
robot_004_usage: 24.0
robot_005_usage: 0.0
start_time: '2020-01-23T09:55:41.131000'
success_rate: 0.6719999999999999
total_delay: 0.0
total_earliness: 27.2
