allocation_time: 825.0409329175949
approach: tessi-srea-preventive-re-schedule-re-allocate
bid_times:
  0: 1.4436844441031111
  1: 1.6047978204950852
  2: 1.8387283364845732
  3: 2.113941433212974
  4: 2.337220912486907
  5: 2.619018549150937
  6: 2.9097413547608517
  7: 3.3145443016944713
  8: 3.6290760913829865
  9: 3.9556868619701624
  10: 4.525804862711165
  11: 5.0322185621249265
  12: 5.596566845463024
bidding_rule: completion_time
completion_rate: 0.8800000000000001
d_graph_re_computation_time: 26.295832991600037
dataset_name: nonoverlapping_random_25_1
experiment_name: robot_scalability_2
experiment_time: 6645.6
finish_time: '2020-01-23T11:44:54.600000'
fleet_idle_time: 85.0507063197026
fleet_travel_time: 9.560743494423791
fleet_work_time: 5.388550185873606
max_n_runs: 10
number_allocated_tasks: 24.0
number_completed_tasks: 22.0
number_delayed_tasks: 4.2
number_early_tasks: 4.8
number_on_time_tasks: 13.0
number_preempted_tasks: 0.0
number_re_allocation_attempts: 11.2
number_re_allocation_attempts_per_task: 1.2055555555555555
number_re_allocations: 9.2
number_re_allocations_per_task: 1.2696428571428569
number_re_alloced_tasks: 7.3
number_unallocated_tasks: 1.0
number_unsuccessfully_re_allocated_tasks: 2.0
re_allocation_time: 78.60986595153808
robot_001_usage: 42.8
robot_002_usage: 45.2
robot_003_usage: 0.0
robot_004_usage: 0.0
robot_005_usage: 0.0
start_time: '2020-01-23T09:54:09'
success_rate: 0.5913984566158479
total_delay: 358.4
total_earliness: 378.1
