allocation_time: 332.6701668024063
approach: tessi-srea-corrective-re-allocate
bid_times:
  0: 0.5638865756988525
  1: 0.6988934641414218
  2: 0.8170364734288809
  3: 1.0002545052561267
  4: 1.2036470333735148
  5: 1.4426349722422087
  6: 1.735718252658844
bidding_rule: completion_time
completion_rate: 1.0
d_graph_re_computation_time: 7.0010874509811405
dataset_name: nonoverlapping_random_25_1
experiment_name: robot_scalability_4_1
experiment_time: 6522.7
finish_time: '2020-01-23T11:44:37.700000'
fleet_idle_time: 86.00459066564652
fleet_travel_time: 9.00168324407039
fleet_work_time: 4.993726090283091
max_n_runs: 10
number_allocated_tasks: 25.0
number_completed_tasks: 25.0
number_delayed_tasks: 0.0
number_early_tasks: 0.3
number_on_time_tasks: 24.7
number_preempted_tasks: 0.0
number_re_allocation_attempts: 0.0
number_re_allocation_attempts_per_task: 0.0
number_re_allocations: 0.0
number_re_allocations_per_task: 0.0
number_re_alloced_tasks: 0.0
number_unallocated_tasks: 0.0
number_unsuccessfully_re_allocated_tasks: 0.0
re_allocation_time: 0.0
robot_001_usage: 28.000000000000007
robot_002_usage: 24.0
robot_003_usage: 24.0
robot_004_usage: 24.0
robot_005_usage: 0.0
start_time: '2020-01-23T09:55:55'
success_rate: 0.9879999999999999
total_delay: 0.0
total_earliness: 0.7
