allocation_time: 185.13468518257142
approach: tessi-dsc-corrective-re-allocate
bid_times:
  0: 0.09025505661964417
  1: 0.2382008436051282
  2: 0.4402044345350826
  3: 0.665059212843577
  4: 0.9236188777855464
  5: 1.1725518733263016
bidding_rule: completion_time
completion_rate: 1.0
d_graph_re_computation_time: 1.0268080472946166
dataset_name: overlapping_random_25_5_1
experiment_name: task_scalability
experiment_time: 1185.27
finish_time: '2020-01-23T08:59:32.970000'
fleet_idle_time: 52.1929787787066
fleet_travel_time: 25.715411639430855
fleet_work_time: 22.091609581862542
max_n_runs: 10
number_allocated_tasks: 25.0
number_completed_tasks: 25.0
number_delayed_tasks: 0.2
number_early_tasks: 1.0
number_on_time_tasks: 23.8
number_preempted_tasks: 0.0
number_re_allocation_attempts: 0.4
number_re_allocation_attempts_per_task: 0.2
number_re_allocations: 0.4
number_re_allocations_per_task: 0.2
number_re_alloced_tasks: 0.4
number_unallocated_tasks: 0.0
number_unsuccessfully_re_allocated_tasks: 0.0
re_allocation_time: 0.4050490140914917
robot_001_usage: 20.0
robot_002_usage: 20.0
robot_003_usage: 20.0
robot_004_usage: 20.0
robot_005_usage: 20.0
start_time: '2020-01-23T08:39:47.700000'
success_rate: 0.952
total_delay: 0.2
total_earliness: 8.3
