allocation_time: 107.98694221973419
approach: tessi-corrective-re-allocate
bid_times:
  0: 0.027199153900146485
  1: 0.11378008669072931
  2: 0.21547500417123433
  3: 0.33888342733736393
  4: 0.4593628663865347
  5: 0.6372230052947998
bidding_rule: completion_time
completion_rate: 1.0
d_graph_re_computation_time: 0.11484150886535645
dataset_name: nonoverlapping_random_25_1
experiment_name: robot_scalability_5
experiment_time: 6665.6799999999985
finish_time: '2020-01-23T11:44:59.960000'
fleet_idle_time: 82.3951416956238
fleet_travel_time: 11.007058948567987
fleet_work_time: 6.597799355808206
max_n_runs: 10
number_allocated_tasks: 25.0
number_completed_tasks: 25.0
number_delayed_tasks: 4.7
number_early_tasks: 9.5
number_on_time_tasks: 10.8
number_preempted_tasks: 0.0
number_re_allocation_attempts: 0.0
number_re_allocation_attempts_per_task: 0.0
number_re_allocations: 0.0
number_re_allocations_per_task: 0.0
number_re_alloced_tasks: 0.0
number_unallocated_tasks: 0.0
number_unsuccessfully_re_allocated_tasks: 0.0
re_allocation_time: 0.0
robot_001_usage: 20.0
robot_002_usage: 20.0
robot_003_usage: 20.0
robot_004_usage: 20.0
robot_005_usage: 20.0
start_time: '2020-01-23T09:53:54.280000'
success_rate: 0.43200000000000005
total_delay: 336.6
total_earliness: 460.9
