allocation_time: 210.2060722986857
approach: tessi-dsc-corrective-re-allocate
bid_times: {}
bidding_rule: completion_time
completion_rate: 0.9600000000000004
d_graph_re_computation_time: 1.0818994204203287
dataset_name: overlapping_loose_25_5_1
experiment_name: non_intentional_delays
experiment_time: 1347.7900000000002
finish_time: '2020-01-23T09:02:15.490000'
fleet_idle_time: 61.20089645633474
fleet_travel_time: 20.495220625399103
fleet_work_time: 18.30388291826616
max_n_runs: 15
number_allocated_tasks: 7.0
number_completed_tasks: 24.0
number_delayed_tasks: 0.0
number_early_tasks: 0.06666666666666667
number_on_time_tasks: 23.933333333333334
number_preempted_tasks: 0.0
number_re_allocation_attempts: 0.0
number_re_allocation_attempts_per_task: 0.0
number_re_allocations: 0.0
number_re_allocations_per_task: 0.0
number_re_alloced_tasks: 0.0
number_unallocated_tasks: 1.0
number_unsuccessfully_re_allocated_tasks: 0.0
re_allocation_time: 0.0
robot_001_usage: 20.0
robot_002_usage: 20.0
robot_003_usage: 20.0
robot_004_usage: 20.0
robot_005_usage: 16.0
start_time: '2020-01-23T08:39:47.700000'
success_rate: 0.9972222222222222
total_delay: 0.0
total_earliness: 0.06666666666666667
