allocation_time: 117.56005997657776
approach: tessi-corrective-re-allocate
bid_times: {}
bidding_rule: completion_time
completion_rate: 0.8640000000000001
d_graph_re_computation_time: 0.11859505971272787
dataset_name: overlapping_random_25_5_1
experiment_name: intentional_delays
experiment_time: 1202.3120000000001
finish_time: '2020-01-23T08:59:37.192000'
fleet_idle_time: 44.82621188496888
fleet_travel_time: 33.98798415481105
fleet_work_time: 21.185803960220067
max_n_runs: 15
number_allocated_tasks: 25.0
number_completed_tasks: 21.6
number_delayed_tasks: 5.266666666666667
number_early_tasks: 4.333333333333333
number_on_time_tasks: 12.0
number_preempted_tasks: 0.0
number_re_allocation_attempts: 14.0
number_re_allocation_attempts_per_task: 1.3024275724275725
number_re_allocations: 10.6
number_re_allocations_per_task: 1.1786652236652237
number_re_alloced_tasks: 7.2
number_unallocated_tasks: 0.0
number_unsuccessfully_re_allocated_tasks: 3.4
re_allocation_time: 24.135699892044066
robot_001_usage: 15.2
robot_002_usage: 17.866666666666667
robot_003_usage: 20.266666666666666
robot_004_usage: 15.2
robot_005_usage: 17.866666666666667
start_time: '2020-01-23T08:39:34.880000'
success_rate: 0.5533619952384254
total_delay: 392.2
total_earliness: 66.53333333333333
