allocation_time: 113.46334748268127
approach: tessi-corrective-re-allocate
bid_times: {}
bidding_rule: completion_time
completion_rate: 0.872
d_graph_re_computation_time: 0.10638318061828614
dataset_name: overlapping_loose_25_5_1
experiment_name: intentional_delays
experiment_time: 1517.900666666667
finish_time: '2020-01-23T09:04:52.780667'
fleet_idle_time: 54.215249763434436
fleet_travel_time: 28.7775287613925
fleet_work_time: 17.007221475173065
max_n_runs: 15
number_allocated_tasks: 23.2
number_completed_tasks: 21.8
number_delayed_tasks: 5.4
number_early_tasks: 3.466666666666667
number_on_time_tasks: 12.933333333333334
number_preempted_tasks: 0.0
number_re_allocation_attempts: 5.066666666666666
number_re_allocation_attempts_per_task: 1.1287878787878787
number_re_allocations: 3.6666666666666665
number_re_allocations_per_task: 1.1388888888888888
number_re_alloced_tasks: 3.1333333333333333
number_unallocated_tasks: 1.8
number_unsuccessfully_re_allocated_tasks: 1.4
re_allocation_time: 8.31612130800883
robot_001_usage: 19.04927536231884
robot_002_usage: 17.182608695652174
robot_003_usage: 20.115942028985508
robot_004_usage: 13.936231884057971
robot_005_usage: 17.44927536231884
start_time: '2020-01-23T08:39:34.880000'
success_rate: 0.5924355354790137
total_delay: 573.2
total_earliness: 69.86666666666666
