allocation_time: 114.01915295918782
approach: tessi-corrective-re-allocate
bid_times: {}
bidding_rule: completion_time
completion_rate: 0.784
d_graph_re_computation_time: 0.11108943621317545
dataset_name: overlapping_tight_25_5_1
experiment_name: intentional_delays
experiment_time: 1058.6126666666667
finish_time: '2020-01-23T08:57:13.492667'
fleet_idle_time: 42.94519562106831
fleet_travel_time: 34.96033392317397
fleet_work_time: 22.094470455757723
max_n_runs: 15
number_allocated_tasks: 24.6
number_completed_tasks: 19.6
number_delayed_tasks: 4.466666666666667
number_early_tasks: 3.466666666666667
number_on_time_tasks: 11.666666666666666
number_preempted_tasks: 0.0
number_re_allocation_attempts: 11.0
number_re_allocation_attempts_per_task: 1.0830613830613833
number_re_allocations: 6.0
number_re_allocations_per_task: 1.0638888888888889
number_re_alloced_tasks: 5.133333333333334
number_unallocated_tasks: 0.4
number_unsuccessfully_re_allocated_tasks: 5.0
re_allocation_time: 16.450626548131307
robot_001_usage: 14.119298245614035
robot_002_usage: 13.585964912280701
robot_003_usage: 20.42105263157895
robot_004_usage: 17.487719298245615
robot_005_usage: 14.385964912280702
start_time: '2020-01-23T08:39:34.880000'
success_rate: 0.5930051413117774
total_delay: 372.93333333333334
total_earliness: 70.6
