allocation_time: 336.60843187967936
approach: tessi-srea-preventive-re-schedule-re-allocate
bid_times: {}
bidding_rule: completion_time
completion_rate: 0.8640000000000003
d_graph_re_computation_time: 34.68544112841288
dataset_name: overlapping_random_25_5_1
experiment_name: intentional_delays
experiment_time: 1209.7333333333333
finish_time: '2020-01-23T08:59:58.733333'
fleet_idle_time: 48.05510455104551
fleet_travel_time: 31.58081180811808
fleet_work_time: 20.36408364083641
max_n_runs: 15
number_allocated_tasks: 25.0
number_completed_tasks: 21.6
number_delayed_tasks: 5.0
number_early_tasks: 1.6666666666666667
number_on_time_tasks: 14.933333333333334
number_preempted_tasks: 0.0
number_re_allocation_attempts: 4.733333333333333
number_re_allocation_attempts_per_task: 1.0377777777777777
number_re_allocations: 1.3333333333333333
number_re_allocations_per_task: 0.7555555555555554
number_re_alloced_tasks: 1.1333333333333333
number_unallocated_tasks: 0.0
number_unsuccessfully_re_allocated_tasks: 3.4
re_allocation_time: 5.770985126495361
robot_001_usage: 16.8
robot_002_usage: 18.133333333333333
robot_003_usage: 20.8
robot_004_usage: 16.533333333333335
robot_005_usage: 14.133333333333333
start_time: '2020-01-23T08:39:49'
success_rate: 0.6910000627391933
total_delay: 445.2
total_earliness: 42.333333333333336
