allocation_time: 338.7815033753713
approach: tessi-srea-preventive-re-schedule-re-allocate
bid_times: {}
bidding_rule: completion_time
completion_rate: 0.8693333333333334
d_graph_re_computation_time: 34.06150959332784
dataset_name: overlapping_tight_25_5_1
experiment_name: intentional_delays
experiment_time: 1035.9333333333334
finish_time: '2020-01-23T08:57:04.933333'
fleet_idle_time: 47.1891742612538
fleet_travel_time: 29.626070146368406
fleet_work_time: 23.184755592377797
max_n_runs: 15
number_allocated_tasks: 25.0
number_completed_tasks: 21.733333333333334
number_delayed_tasks: 3.1333333333333333
number_early_tasks: 1.9333333333333333
number_on_time_tasks: 16.666666666666668
number_preempted_tasks: 0.0
number_re_allocation_attempts: 5.533333333333333
number_re_allocation_attempts_per_task: 1.2175925925925923
number_re_allocations: 2.2666666666666666
number_re_allocations_per_task: 0.9555555555555555
number_re_alloced_tasks: 1.4666666666666666
number_unallocated_tasks: 0.0
number_unsuccessfully_re_allocated_tasks: 3.2666666666666666
re_allocation_time: 7.737212340037028
robot_001_usage: 16.266666666666666
robot_002_usage: 20.0
robot_003_usage: 19.733333333333334
robot_004_usage: 17.066666666666666
robot_005_usage: 13.866666666666667
start_time: '2020-01-23T08:39:49'
success_rate: 0.7652324487107095
total_delay: 305.53333333333336
total_earliness: 39.46666666666667
