allocation_time: 332.11556304295857
approach: tessi-srea-preventive-re-schedule-re-allocate
bid_times: {}
bidding_rule: completion_time
completion_rate: 0.898666666666667
d_graph_re_computation_time: 34.652436351776124
dataset_name: overlapping_loose_25_5_1
experiment_name: intentional_delays
experiment_time: 1517.0
finish_time: '2020-01-23T09:05:06'
fleet_idle_time: 53.886103012633626
fleet_travel_time: 28.817103984450924
fleet_work_time: 17.29679300291545
max_n_runs: 15
number_allocated_tasks: 24.133333333333333
number_completed_tasks: 22.466666666666665
number_delayed_tasks: 5.866666666666666
number_early_tasks: 1.6
number_on_time_tasks: 15.0
number_preempted_tasks: 0.0
number_re_allocation_attempts: 3.4
number_re_allocation_attempts_per_task: 1.15
number_re_allocations: 1.7333333333333334
number_re_allocations_per_task: 0.9666666666666667
number_re_alloced_tasks: 1.0666666666666667
number_unallocated_tasks: 0.8666666666666667
number_unsuccessfully_re_allocated_tasks: 1.6666666666666667
re_allocation_time: 7.233266925811767
robot_001_usage: 17.6
robot_002_usage: 18.933333333333334
robot_003_usage: 20.0
robot_004_usage: 17.6
robot_005_usage: 15.733333333333333
start_time: '2020-01-23T08:39:49'
success_rate: 0.6674791392182696
total_delay: 670.7333333333333
total_earliness: 30.666666666666668
