allocation_time: 314.0283128976822
approach: tessi-srea-preventive-re-schedule-re-allocate
bid_times:
  0: 0.5331356410980225
  1: 0.6566893792152405
  2: 0.7795049538483491
  3: 0.9334266827024262
  4: 1.1165429279917762
  5: 1.3255682743512667
  6: 1.5814079427719117
bidding_rule: completion_time
completion_rate: 1.0
d_graph_re_computation_time: 30.443550634384156
dataset_name: nonoverlapping_random_25_1
experiment_name: robot_scalability_4_1
experiment_time: 6523.0
finish_time: '2020-01-23T11:44:38'
fleet_idle_time: 85.96662073189404
fleet_travel_time: 9.033838615832185
fleet_work_time: 4.9995406522737715
max_n_runs: 10
number_allocated_tasks: 25.0
number_completed_tasks: 25.0
number_delayed_tasks: 0.0
number_early_tasks: 0.5
number_on_time_tasks: 24.5
number_preempted_tasks: 0.0
number_re_allocation_attempts: 0.0
number_re_allocation_attempts_per_task: 0.0
number_re_allocations: 0.0
number_re_allocations_per_task: 0.0
number_re_alloced_tasks: 0.0
number_unallocated_tasks: 0.0
number_unsuccessfully_re_allocated_tasks: 0.0
re_allocation_time: 0.0
robot_001_usage: 28.000000000000007
robot_002_usage: 24.0
robot_003_usage: 24.0
robot_004_usage: 24.0
robot_005_usage: 0.0
start_time: '2020-01-23T09:55:55'
success_rate: 0.9800000000000001
total_delay: 0.0
total_earliness: 0.5
