allocation_time: 107.07311689853668
approach: tessi-corrective-re-allocate
bid_times:
  0: 0.02486335277557373
  1: 0.11137456460432574
  2: 0.2230475383646348
  3: 0.3252704858779907
  4: 0.46077329771859304
  5: 0.6201995491981507
bidding_rule: completion_time
completion_rate: 1.0
d_graph_re_computation_time: 0.11618006229400635
dataset_name: nonoverlapping_random_25_1
experiment_name: robot_scalability_5_1
experiment_time: 6524.109
finish_time: '2020-01-23T11:44:25.240000'
fleet_idle_time: 86.40838094665902
fleet_travel_time: 8.576759159054587
fleet_work_time: 5.014859894286385
max_n_runs: 2
number_allocated_tasks: 25.0
number_completed_tasks: 25.0
number_delayed_tasks: 0.0
number_early_tasks: 6.0
number_on_time_tasks: 19.0
number_preempted_tasks: 0.0
number_re_allocation_attempts: 0.0
number_re_allocation_attempts_per_task: 0.0
number_re_allocations: 0.0
number_re_allocations_per_task: 0.0
number_re_alloced_tasks: 0.0
number_unallocated_tasks: 0.0
number_unsuccessfully_re_allocated_tasks: 0.0
re_allocation_time: 0.0
robot_001_usage: 20.0
robot_002_usage: 20.0
robot_003_usage: 20.0
robot_004_usage: 20.0
robot_005_usage: 20.0
start_time: '2020-01-23T09:55:41.131000'
success_rate: 0.76
total_delay: 0.0
total_earliness: 22.0
