allocation_time: 110.19543862342834
approach: tessi-corrective-re-allocate
bid_times:
  0: 0.028417666435241698
  1: 0.11391369061036544
  2: 0.22350419016445383
  3: 0.3482588561375936
  4: 0.4704792015893119
  5: 0.6230298805236816
bidding_rule: completion_time
completion_rate: 1.0
d_graph_re_computation_time: 0.1164130687713623
dataset_name: nonoverlapping_random_25_1
experiment_name: robot_scalability_5_1
experiment_time: 6524.808999999999
finish_time: '2020-01-23T11:44:25.940000'
fleet_idle_time: 86.47143452070617
fleet_travel_time: 8.541877943764492
fleet_work_time: 4.986687535529345
max_n_runs: 10
number_allocated_tasks: 25.0
number_completed_tasks: 25.0
number_delayed_tasks: 0.0
number_early_tasks: 7.8
number_on_time_tasks: 17.2
number_preempted_tasks: 0.0
number_re_allocation_attempts: 0.0
number_re_allocation_attempts_per_task: 0.0
number_re_allocations: 0.0
number_re_allocations_per_task: 0.0
number_re_alloced_tasks: 0.0
number_unallocated_tasks: 0.0
number_unsuccessfully_re_allocated_tasks: 0.0
re_allocation_time: 0.0
robot_001_usage: 20.0
robot_002_usage: 20.0
robot_003_usage: 20.0
robot_004_usage: 20.0
robot_005_usage: 20.0
start_time: '2020-01-23T09:55:41.131000'
success_rate: 0.688
total_delay: 0.0
total_earliness: 29.3
