allocation_time: 316.58459215164186
approach: tessi-corrective-re-allocate
bid_times:
  0: 0.08422149848937988
  1: 0.23457287879700356
  2: 0.3891778740771981
  3: 0.5536785351924407
  4: 0.7277300337382725
  5: 0.9102452132009691
  6: 1.1317529307471381
  7: 1.350534028592317
  8: 1.606684570563467
  9: 1.9035546843210855
  10: 2.2540735158053313
  11: 2.656626377786909
  12: 3.1221556822458902
bidding_rule: completion_time
completion_rate: 1.0
d_graph_re_computation_time: 0.31307384967803953
dataset_name: nonoverlapping_random_25_1
experiment_name: robot_scalability_2_1
experiment_time: 6525.909
finish_time: '2020-01-23T11:44:27.040000'
fleet_idle_time: 87.39097547801101
fleet_travel_time: 7.592797669814532
fleet_work_time: 5.016226852174456
max_n_runs: 10
number_allocated_tasks: 25.0
number_completed_tasks: 25.0
number_delayed_tasks: 0.0
number_early_tasks: 7.7
number_on_time_tasks: 17.3
number_preempted_tasks: 0.0
number_re_allocation_attempts: 0.0
number_re_allocation_attempts_per_task: 0.0
number_re_allocations: 0.0
number_re_allocations_per_task: 0.0
number_re_alloced_tasks: 0.0
number_unallocated_tasks: 0.0
number_unsuccessfully_re_allocated_tasks: 0.0
re_allocation_time: 0.0
robot_001_usage: 52.0
robot_002_usage: 48.0
robot_003_usage: 0.0
robot_004_usage: 0.0
robot_005_usage: 0.0
start_time: '2020-01-23T09:55:41.131000'
success_rate: 0.692
total_delay: 0.0
total_earliness: 22.4
