allocation_time: 780.9290154457092
approach: tessi-srea-corrective-re-allocate
bid_times:
  0: 1.3619687042236328
  1: 1.4847643771070116
  2: 1.6754392296768899
  3: 1.8947576229388898
  4: 2.1017479624067033
  5: 2.340416286068578
  6: 2.6363217133062857
  7: 2.9062789730403735
  8: 3.238979989603946
  9: 3.583082346916199
  10: 4.010602023384788
  11: 4.452069555010114
  12: 4.984845034281412
bidding_rule: completion_time
completion_rate: 1.0
d_graph_re_computation_time: 6.53039231300354
dataset_name: nonoverlapping_random_25_1
experiment_name: robot_scalability_2_1
experiment_time: 6522.5
finish_time: '2020-01-23T11:44:37.500000'
fleet_idle_time: 87.4222290263319
fleet_travel_time: 7.585425597060625
fleet_work_time: 4.992345376607471
max_n_runs: 10
number_allocated_tasks: 25.0
number_completed_tasks: 25.0
number_delayed_tasks: 0.0
number_early_tasks: 0.1
number_on_time_tasks: 24.9
number_preempted_tasks: 0.0
number_re_allocation_attempts: 0.0
number_re_allocation_attempts_per_task: 0.0
number_re_allocations: 0.0
number_re_allocations_per_task: 0.0
number_re_alloced_tasks: 0.0
number_unallocated_tasks: 0.0
number_unsuccessfully_re_allocated_tasks: 0.0
re_allocation_time: 0.0
robot_001_usage: 52.0
robot_002_usage: 48.0
robot_003_usage: 0.0
robot_004_usage: 0.0
robot_005_usage: 0.0
start_time: '2020-01-23T09:55:55'
success_rate: 0.9960000000000001
total_delay: 0.0
total_earliness: 0.1
