allocation_time: 563.7740828752518
approach: tessi-dsc-corrective-re-allocate
bid_times:
  0: 0.22042078590393066
  1: 0.5119868456049168
  2: 0.8184673442397007
  3: 1.133810768983303
  4: 1.453978432246617
  5: 1.8073822675212736
  6: 2.183245920251917
  7: 2.542338683294213
  8: 2.9780534505844116
  9: 3.3721992588043213
  10: 3.8444079594178633
  11: 4.2982351064682005
  12: 4.759646582603454
bidding_rule: completion_time
completion_rate: 1.0
d_graph_re_computation_time: 0.9743300199508667
dataset_name: nonoverlapping_random_25_1
experiment_name: robot_scalability_2_1
experiment_time: 6411.27
finish_time: '2020-01-23T11:44:35.190000'
fleet_idle_time: 87.20661100348038
fleet_travel_time: 7.728215686794046
fleet_work_time: 5.065173309725575
max_n_runs: 10
number_allocated_tasks: 25.0
number_completed_tasks: 25.0
number_delayed_tasks: 0.0
number_early_tasks: 0.2
number_on_time_tasks: 24.8
number_preempted_tasks: 0.0
number_re_allocation_attempts: 0.0
number_re_allocation_attempts_per_task: 0.0
number_re_allocations: 0.0
number_re_allocations_per_task: 0.0
number_re_alloced_tasks: 0.0
number_unallocated_tasks: 0.0
number_unsuccessfully_re_allocated_tasks: 0.0
re_allocation_time: 0.0
robot_001_usage: 48.0
robot_002_usage: 52.0
robot_003_usage: 0.0
robot_004_usage: 0.0
robot_005_usage: 0.0
start_time: '2020-01-23T09:57:43.920000'
success_rate: 0.992
total_delay: 0.0
total_earliness: 0.4
