allocation_time: 334.23550775051115
approach: tessi-srea-corrective-re-allocate
bid_times:
  0: 0.5743444188435872
  1: 0.7486127133321281
  2: 0.9242096265157064
  3: 1.1009486026234097
  4: 1.3051446263752287
  5: 1.577781449423896
bidding_rule: completion_time
completion_rate: 1.0
d_graph_re_computation_time: 9.372836637496949
dataset_name: nonoverlapping_random_25_1
experiment_name: robot_scalability_5
experiment_time: 6667.4
finish_time: '2020-01-23T11:45:16.400000'
fleet_idle_time: 81.43149583272408
fleet_travel_time: 11.93595554905688
fleet_work_time: 6.632548618219038
max_n_runs: 10
number_allocated_tasks: 25.0
number_completed_tasks: 25.0
number_delayed_tasks: 5.4
number_early_tasks: 7.0
number_on_time_tasks: 12.6
number_preempted_tasks: 0.0
number_re_allocation_attempts: 0.0
number_re_allocation_attempts_per_task: 0.0
number_re_allocations: 0.0
number_re_allocations_per_task: 0.0
number_re_alloced_tasks: 0.0
number_unallocated_tasks: 0.0
number_unsuccessfully_re_allocated_tasks: 0.0
re_allocation_time: 0.0
robot_001_usage: 20.0
robot_002_usage: 20.0
robot_003_usage: 20.0
robot_004_usage: 20.0
robot_005_usage: 20.0
start_time: '2020-01-23T09:54:09'
success_rate: 0.5040000000000001
total_delay: 385.9
total_earliness: 578.4
