allocation_time: 761.0643047809601
approach: tessi-srea-preventive-re-schedule-re-allocate
bid_times:
  0: 1.322217299257006
  1: 1.452323581088673
  2: 1.6542216046289964
  3: 1.8665565307323748
  4: 2.061303998402187
  5: 2.2885684197948826
  6: 2.5711300373077393
  7: 2.8442692062129145
  8: 3.147778610179299
  9: 3.4907337951660153
  10: 3.861873826113614
  11: 4.274264448029655
  12: 4.70502868493398
bidding_rule: completion_time
completion_rate: 1.0
d_graph_re_computation_time: 27.38664045333862
dataset_name: nonoverlapping_random_25_1
experiment_name: robot_scalability_2_1
experiment_time: 6524.3
finish_time: '2020-01-23T11:44:39.300000'
fleet_idle_time: 87.38664215686275
fleet_travel_time: 7.613664215686274
fleet_work_time: 4.999693627450981
max_n_runs: 10
number_allocated_tasks: 25.0
number_completed_tasks: 25.0
number_delayed_tasks: 0.0
number_early_tasks: 0.3
number_on_time_tasks: 24.7
number_preempted_tasks: 0.0
number_re_allocation_attempts: 3.0
number_re_allocation_attempts_per_task: 1.0
number_re_allocations: 3.0
number_re_allocations_per_task: 1.0
number_re_alloced_tasks: 3.0
number_unallocated_tasks: 0.0
number_unsuccessfully_re_allocated_tasks: 0.0
re_allocation_time: 12.83650724887848
robot_001_usage: 52.0
robot_002_usage: 48.0
robot_003_usage: 0.0
robot_004_usage: 0.0
robot_005_usage: 0.0
start_time: '2020-01-23T09:55:55'
success_rate: 0.9879999999999999
total_delay: 0.0
total_earliness: 0.6
