allocation_time: 205.55280075073242
approach: tessi-dsc-corrective-re-allocate
bid_times:
  0: 0.08646343231201171
  1: 0.2405630938212077
  2: 0.42203289205963546
  3: 0.6356056480572141
  4: 0.8653089466549101
  5: 1.1508125736163213
  6: 1.4669312691688536
bidding_rule: completion_time
completion_rate: 1.0
d_graph_re_computation_time: 0.9430597066879273
dataset_name: nonoverlapping_random_25_1
experiment_name: robot_scalability_4_1
experiment_time: 6321.3899999999985
finish_time: '2020-01-23T11:44:37.350000'
fleet_idle_time: 85.63763329273937
fleet_travel_time: 9.216252118547022
fleet_work_time: 5.146114588713614
max_n_runs: 10
number_allocated_tasks: 25.0
number_completed_tasks: 25.0
number_delayed_tasks: 0.0
number_early_tasks: 0.1
number_on_time_tasks: 24.9
number_preempted_tasks: 0.0
number_re_allocation_attempts: 0.0
number_re_allocation_attempts_per_task: 0.0
number_re_allocations: 0.0
number_re_allocations_per_task: 0.0
number_re_alloced_tasks: 0.0
number_unallocated_tasks: 0.0
number_unsuccessfully_re_allocated_tasks: 0.0
re_allocation_time: 0.0
robot_001_usage: 24.0
robot_002_usage: 24.0
robot_003_usage: 24.0
robot_004_usage: 28.000000000000007
robot_005_usage: 0.0
start_time: '2020-01-23T09:59:15.960000'
success_rate: 0.9960000000000001
total_delay: 0.0
total_earliness: 0.1
