allocation_time: 312.4699857473373
approach: tessi-corrective-re-allocate
bid_times:
  0: 0.09138547726066745
  1: 0.2170075175397662
  2: 0.36462211614667556
  3: 0.49481965953196433
  4: 0.6924572837048493
  5: 0.8830473672475648
  6: 1.1086414559292874
  7: 1.2923757748840567
  8: 1.5516613440006566
  9: 1.8882113720820501
  10: 2.1793941285875107
  11: 2.5786081327710835
  12: 2.9147110303243
bidding_rule: completion_time
completion_rate: 0.868
d_graph_re_computation_time: 0.2635959148406982
dataset_name: nonoverlapping_random_25_1
experiment_name: robot_scalability_2
experiment_time: 6688.779999999999
finish_time: '2020-01-23T11:45:23.060000'
fleet_idle_time: 85.478354175117
fleet_travel_time: 9.058768364214844
fleet_work_time: 5.462877460668145
max_n_runs: 10
number_allocated_tasks: 25.0
number_completed_tasks: 21.7
number_delayed_tasks: 3.3
number_early_tasks: 7.8
number_on_time_tasks: 10.6
number_preempted_tasks: 0.0
number_re_allocation_attempts: 16.7
number_re_allocation_attempts_per_task: 1.5665151515151516
number_re_allocations: 13.4
number_re_allocations_per_task: 1.5319444444444446
number_re_alloced_tasks: 7.2
number_unallocated_tasks: 0.0
number_unsuccessfully_re_allocated_tasks: 3.3
re_allocation_time: 46.45485484600067
robot_001_usage: 47.6
robot_002_usage: 39.2
robot_003_usage: 0.0
robot_004_usage: 0.0
robot_005_usage: 0.0
start_time: '2020-01-23T09:53:54.280000'
success_rate: 0.488871635610766
total_delay: 253.7
total_earliness: 259.7
