allocation_time: 188.55738983154296
approach: tessi-dsc-corrective-re-allocate
bid_times:
  0: 0.0875677547454834
  1: 0.25445335128090596
  2: 0.4593033950469073
  3: 0.6891418480873108
  4: 0.9364699472699847
  5: 1.2315286707878113
bidding_rule: completion_time
completion_rate: 1.0
d_graph_re_computation_time: 1.024521541595459
dataset_name: nonoverlapping_random_25_1
experiment_name: robot_scalability_5_1
experiment_time: 6318.7300000000005
finish_time: '2020-01-23T11:44:34.690000'
fleet_idle_time: 85.71177862838007
fleet_travel_time: 9.110614662929075
fleet_work_time: 5.177606708690847
max_n_runs: 10
number_allocated_tasks: 25.0
number_completed_tasks: 25.0
number_delayed_tasks: 0.0
number_early_tasks: 0.5
number_on_time_tasks: 24.5
number_preempted_tasks: 0.0
number_re_allocation_attempts: 0.0
number_re_allocation_attempts_per_task: 0.0
number_re_allocations: 0.0
number_re_allocations_per_task: 0.0
number_re_alloced_tasks: 0.0
number_unallocated_tasks: 0.0
number_unsuccessfully_re_allocated_tasks: 0.0
re_allocation_time: 0.0
robot_001_usage: 20.0
robot_002_usage: 20.0
robot_003_usage: 20.0
robot_004_usage: 20.0
robot_005_usage: 20.0
start_time: '2020-01-23T09:59:15.960000'
success_rate: 0.9800000000000001
total_delay: 0.0
total_earliness: 1.4
