allocation_time: 242.34924025535582
approach: tessi-corrective-re-allocate
bid_times:
  0: 0.07988707873286033
  1: 0.23253569422346174
  2: 0.399315387324283
  3: 0.5804850786924363
  4: 0.7735897119228656
  5: 0.99169384876887
  6: 1.2222600187574113
  7: 1.5039371569951374
  8: 1.8260138909022015
bidding_rule: completion_time
completion_rate: 1.0
d_graph_re_computation_time: 0.17576448917388915
dataset_name: nonoverlapping_random_25_1
experiment_name: robot_scalability_3_1
experiment_time: 6527.639000000001
finish_time: '2020-01-23T11:44:28.770000'
fleet_idle_time: 84.86408688012295
fleet_travel_time: 10.134260129708862
fleet_work_time: 5.001652990168189
max_n_runs: 10
number_allocated_tasks: 25.0
number_completed_tasks: 25.0
number_delayed_tasks: 0.0
number_early_tasks: 8.2
number_on_time_tasks: 16.8
number_preempted_tasks: 0.0
number_re_allocation_attempts: 0.0
number_re_allocation_attempts_per_task: 0.0
number_re_allocations: 0.0
number_re_allocations_per_task: 0.0
number_re_alloced_tasks: 0.0
number_unallocated_tasks: 0.0
number_unsuccessfully_re_allocated_tasks: 0.0
re_allocation_time: 0.0
robot_001_usage: 36.0
robot_002_usage: 32.0
robot_003_usage: 32.0
robot_004_usage: 0.0
robot_005_usage: 0.0
start_time: '2020-01-23T09:55:41.131000'
success_rate: 0.6719999999999999
total_delay: 0.0
total_earliness: 25.1
