allocation_time: 332.2577399492264
approach: tessi-srea-corrective-re-allocate
bid_times:
  0: 0.5281858073340522
  1: 0.7141357560157776
  2: 0.8726868362426758
  3: 1.0809895038604735
  4: 1.2921959886550904
  5: 1.8071956793467203
bidding_rule: completion_time
completion_rate: 1.0
d_graph_re_computation_time: 8.38222713470459
dataset_name: overlapping_random_25_5_1
experiment_name: task_scalability
experiment_time: 1184.7
finish_time: '2020-01-23T08:59:33.700000'
fleet_idle_time: 44.967254408060455
fleet_travel_time: 32.76742233417296
fleet_work_time: 22.265323257766582
max_n_runs: 10
number_allocated_tasks: 25.0
number_completed_tasks: 25.0
number_delayed_tasks: 0.0
number_early_tasks: 0.1
number_on_time_tasks: 24.9
number_preempted_tasks: 0.0
number_re_allocation_attempts: 0.0
number_re_allocation_attempts_per_task: 0.0
number_re_allocations: 0.0
number_re_allocations_per_task: 0.0
number_re_alloced_tasks: 0.0
number_unallocated_tasks: 0.0
number_unsuccessfully_re_allocated_tasks: 0.0
re_allocation_time: 0.0
robot_001_usage: 20.0
robot_002_usage: 20.0
robot_003_usage: 20.0
robot_004_usage: 20.0
robot_005_usage: 20.0
start_time: '2020-01-23T08:39:49'
success_rate: 0.9960000000000001
total_delay: 0.0
total_earliness: 0.1
