allocation_time: 419.56781606674195
approach: tessi-dsc-corrective-re-allocate
bid_times:
  0: 0.19758687782287598
  1: 0.4729822248652361
  2: 0.7934312264124552
  3: 1.105697290570128
  4: 1.4451667252041045
  5: 1.8408824501615582
  6: 2.1915437281131744
  7: 2.6029392147064208
  8: 3.071867322921753
bidding_rule: completion_time
completion_rate: 1.0
d_graph_re_computation_time: 0.8055991172790528
dataset_name: nonoverlapping_random_25_1
experiment_name: robot_scalability_3
experiment_time: 6617.779999999999
finish_time: '2020-01-23T11:47:21.140000'
fleet_idle_time: 82.32825238022204
fleet_travel_time: 11.271103455598682
fleet_work_time: 6.400644164179281
max_n_runs: 10
number_allocated_tasks: 25.0
number_completed_tasks: 25.0
number_delayed_tasks: 2.0
number_early_tasks: 9.3
number_on_time_tasks: 13.7
number_preempted_tasks: 0.0
number_re_allocation_attempts: 0.0
number_re_allocation_attempts_per_task: 0.0
number_re_allocations: 0.0
number_re_allocations_per_task: 0.0
number_re_alloced_tasks: 0.0
number_unallocated_tasks: 0.0
number_unsuccessfully_re_allocated_tasks: 0.0
re_allocation_time: 0.0
robot_001_usage: 32.0
robot_002_usage: 32.0
robot_003_usage: 36.0
robot_004_usage: 0.0
robot_005_usage: 0.0
start_time: '2020-01-23T09:57:03.360000'
success_rate: 0.548
total_delay: 218.1
total_earliness: 1394.4
