allocation_time: 542.8219262123108
approach: tessi-dsc-corrective-re-allocate
bid_times:
  0: 0.2229467830657959
  1: 0.5013423544295291
  2: 0.7860660775995377
  3: 1.0890483722240232
  4: 1.3953434658050536
  5: 1.717181081329706
  6: 2.079803537439417
  7: 2.401874347992964
  8: 2.837841362702219
  9: 3.208833299477895
  10: 3.6536304820667613
  11: 4.0533583436693466
  12: 4.4682592709859215
bidding_rule: completion_time
completion_rate: 0.984
d_graph_re_computation_time: 0.8981147050857544
dataset_name: nonoverlapping_random_25_1
experiment_name: robot_scalability_2
experiment_time: 6740.520000000001
finish_time: '2020-01-23T11:47:17.740000'
fleet_idle_time: 82.45626805180285
fleet_travel_time: 10.987724774061306
fleet_work_time: 6.556007174135843
max_n_runs: 10
number_allocated_tasks: 25.0
number_completed_tasks: 24.6
number_delayed_tasks: 3.2
number_early_tasks: 7.2
number_on_time_tasks: 14.2
number_preempted_tasks: 0.0
number_re_allocation_attempts: 4.0
number_re_allocation_attempts_per_task: 1.0142857142857142
number_re_allocations: 3.6
number_re_allocations_per_task: 1.0142857142857142
number_re_alloced_tasks: 3.5
number_unallocated_tasks: 0.0
number_unsuccessfully_re_allocated_tasks: 0.4
re_allocation_time: 19.23113033771515
robot_001_usage: 47.6
robot_002_usage: 50.8
robot_003_usage: 0.0
robot_004_usage: 0.0
robot_005_usage: 0.0
start_time: '2020-01-23T09:54:57.220000'
success_rate: 0.5763333333333334
total_delay: 298.9
total_earliness: 1145.7
