allocation_time: 338.2712431907654
approach: tessi-srea-corrective-re-allocate
bid_times:
  0: 0.5872319030761719
  1: 0.714462316830953
  2: 0.8397068197662766
  3: 0.9966181006924859
  4: 1.1830587966101511
  5: 1.4458520504144523
  6: 1.6592736911773682
bidding_rule: completion_time
completion_rate: 1.0
d_graph_re_computation_time: 7.3411318302154545
dataset_name: nonoverlapping_random_25_1
experiment_name: robot_scalability_4
experiment_time: 6720.6
finish_time: '2020-01-23T11:46:09.600000'
fleet_idle_time: 83.67375886524823
fleet_travel_time: 9.79533941236069
fleet_work_time: 6.530901722391084
max_n_runs: 10
number_allocated_tasks: 25.0
number_completed_tasks: 25.0
number_delayed_tasks: 4.2
number_early_tasks: 5.0
number_on_time_tasks: 15.8
number_preempted_tasks: 0.0
number_re_allocation_attempts: 0.1
number_re_allocation_attempts_per_task: 0.1
number_re_allocations: 0.1
number_re_allocations_per_task: 0.1
number_re_alloced_tasks: 0.1
number_unallocated_tasks: 0.0
number_unsuccessfully_re_allocated_tasks: 0.0
re_allocation_time: 0.17946264743804932
robot_001_usage: 27.600000000000005
robot_002_usage: 24.4
robot_003_usage: 24.0
robot_004_usage: 24.0
robot_005_usage: 0.0
start_time: '2020-01-23T09:54:09'
success_rate: 0.6319999999999999
total_delay: 269.5
total_earliness: 312.7
