allocation_time: 632.2961842060089
approach: tessi-srea-preventive-re-schedule-re-allocate
bid_times:
  0: 1.1008439788818358
  1: 1.3067460540412128
  2: 1.521312140226364
  3: 1.7892810059528725
  4: 2.039201937970661
  5: 2.3182058558319554
  6: 2.638275074958801
  7: 2.9776805226008096
  8: 3.3550104022026064
bidding_rule: completion_time
completion_rate: 1.0
d_graph_re_computation_time: 25.78895959854126
dataset_name: nonoverlapping_random_25_1
experiment_name: robot_scalability_3_1
experiment_time: 6524.2
finish_time: '2020-01-23T11:44:39.200000'
fleet_idle_time: 84.84362076887732
fleet_travel_time: 10.173380303262366
fleet_work_time: 4.982998927860316
max_n_runs: 10
number_allocated_tasks: 25.0
number_completed_tasks: 25.0
number_delayed_tasks: 0.0
number_early_tasks: 0.1
number_on_time_tasks: 24.9
number_preempted_tasks: 0.0
number_re_allocation_attempts: 0.0
number_re_allocation_attempts_per_task: 0.0
number_re_allocations: 0.0
number_re_allocations_per_task: 0.0
number_re_alloced_tasks: 0.0
number_unallocated_tasks: 0.0
number_unsuccessfully_re_allocated_tasks: 0.0
re_allocation_time: 0.0
robot_001_usage: 36.0
robot_002_usage: 32.0
robot_003_usage: 32.0
robot_004_usage: 0.0
robot_005_usage: 0.0
start_time: '2020-01-23T09:55:55'
success_rate: 0.9960000000000001
total_delay: 0.0
total_earliness: 0.1
