allocation_time: 335.15012890497843
approach: tessi-srea-corrective-re-allocate
bid_times: {}
bidding_rule: completion_time
completion_rate: 0.856
d_graph_re_computation_time: 7.962570317586263
dataset_name: overlapping_tight_25_5_1
experiment_name: intentional_delays
experiment_time: 1029.3333333333333
finish_time: '2020-01-23T08:56:58.333333'
fleet_idle_time: 43.49037037037037
fleet_travel_time: 32.49659259259259
fleet_work_time: 24.013037037037037
max_n_runs: 15
number_allocated_tasks: 25.0
number_completed_tasks: 21.4
number_delayed_tasks: 3.466666666666667
number_early_tasks: 1.2666666666666666
number_on_time_tasks: 16.666666666666668
number_preempted_tasks: 0.0
number_re_allocation_attempts: 4.8
number_re_allocation_attempts_per_task: 1.1217460317460317
number_re_allocations: 1.2
number_re_allocations_per_task: 0.8666666666666667
number_re_alloced_tasks: 0.7333333333333333
number_unallocated_tasks: 0.0
number_unsuccessfully_re_allocated_tasks: 3.6
re_allocation_time: 3.5881261348724367
robot_001_usage: 17.063454089769877
robot_002_usage: 23.424660135186446
robot_003_usage: 23.10719981772613
robot_004_usage: 20.823422191843243
robot_005_usage: 15.581263765474288
start_time: '2020-01-23T08:39:49'
success_rate: 0.7767156527682844
total_delay: 314.1333333333333
total_earliness: 15.666666666666666
