allocation_time: 349.6861005624135
approach: tessi-srea-corrective-re-allocate
bid_times: {}
bidding_rule: completion_time
completion_rate: 0.8986666666666668
d_graph_re_computation_time: 8.067727661132812
dataset_name: overlapping_loose_25_5_1
experiment_name: intentional_delays
experiment_time: 1505.8
finish_time: '2020-01-23T09:04:54.800000'
fleet_idle_time: 53.81620314389359
fleet_travel_time: 28.180572349858927
fleet_work_time: 18.00322450624748
max_n_runs: 15
number_allocated_tasks: 24.066666666666666
number_completed_tasks: 22.466666666666665
number_delayed_tasks: 5.4
number_early_tasks: 1.6
number_on_time_tasks: 15.466666666666667
number_preempted_tasks: 0.0
number_re_allocation_attempts: 3.0
number_re_allocation_attempts_per_task: 1.1666666666666667
number_re_allocations: 1.4
number_re_allocations_per_task: 0.9666666666666667
number_re_alloced_tasks: 1.0
number_unallocated_tasks: 0.9333333333333333
number_unsuccessfully_re_allocated_tasks: 1.6
re_allocation_time: 5.425960540771484
robot_001_usage: 18.557293431206475
robot_002_usage: 21.831520170650606
robot_003_usage: 21.820409059539493
robot_004_usage: 19.416845473367214
robot_005_usage: 16.24059853190288
start_time: '2020-01-23T08:39:49'
success_rate: 0.6878223226049314
total_delay: 603.4
total_earliness: 53.2
