allocation_time: 351.2190035184224
approach: tessi-srea-corrective-re-allocate
bid_times: {}
bidding_rule: completion_time
completion_rate: 0.8666666666666668
d_graph_re_computation_time: 8.539886617660523
dataset_name: overlapping_random_25_5_1
experiment_name: intentional_delays
experiment_time: 1225.0666666666666
finish_time: '2020-01-23T09:00:14.066667'
fleet_idle_time: 47.96769456681351
fleet_travel_time: 31.723935389133626
fleet_work_time: 20.308370044052865
max_n_runs: 15
number_allocated_tasks: 25.0
number_completed_tasks: 21.666666666666668
number_delayed_tasks: 5.333333333333333
number_early_tasks: 1.0
number_on_time_tasks: 15.333333333333334
number_preempted_tasks: 0.0
number_re_allocation_attempts: 4.266666666666667
number_re_allocation_attempts_per_task: 1.0
number_re_allocations: 0.9333333333333333
number_re_allocations_per_task: 0.7333333333333333
number_re_alloced_tasks: 0.9333333333333333
number_unallocated_tasks: 0.0
number_unsuccessfully_re_allocated_tasks: 3.3333333333333335
re_allocation_time: 2.742652257283529
robot_001_usage: 18.07907647907648
robot_002_usage: 20.711688311688313
robot_003_usage: 23.404906204906204
robot_004_usage: 18.034343434343434
robot_005_usage: 16.036652236652234
start_time: '2020-01-23T08:39:49'
success_rate: 0.7074098124098125
total_delay: 490.53333333333336
total_earliness: 29.266666666666666
