allocation_time: 183.55750648180643
approach: tessi-dsc-corrective-re-allocate
bid_times: {}
bidding_rule: completion_time
completion_rate: 0.9306666666666666
d_graph_re_computation_time: 0.9362022082010905
dataset_name: overlapping_loose_25_5_1
experiment_name: intentional_delays
experiment_time: 1476.2966666666669
finish_time: '2020-01-23T09:04:23.996667'
fleet_idle_time: 56.27864534726975
fleet_travel_time: 23.59567805222008
fleet_work_time: 20.12567660051017
max_n_runs: 15
number_allocated_tasks: 24.2
number_completed_tasks: 23.266666666666666
number_delayed_tasks: 3.8
number_early_tasks: 1.6666666666666667
number_on_time_tasks: 17.8
number_preempted_tasks: 0.0
number_re_allocation_attempts: 3.2666666666666666
number_re_allocation_attempts_per_task: 1.021111111111111
number_re_allocations: 2.3333333333333335
number_re_allocations_per_task: 0.9888888888888888
number_re_alloced_tasks: 2.0
number_unallocated_tasks: 0.8
number_unsuccessfully_re_allocated_tasks: 0.9333333333333333
re_allocation_time: 4.674374898274739
robot_001_usage: 18.4
robot_002_usage: 19.733333333333334
robot_003_usage: 20.0
robot_004_usage: 20.266666666666666
robot_005_usage: 14.666666666666666
start_time: '2020-01-23T08:39:47.700000'
success_rate: 0.7649209486166006
total_delay: 409.06666666666666
total_earliness: 48.8
