allocation_time: 190.04836854934692
approach: tessi-dsc-corrective-re-allocate
bid_times: {}
bidding_rule: completion_time
completion_rate: 0.8426666666666668
d_graph_re_computation_time: 0.8820928414662679
dataset_name: overlapping_random_25_5_1
experiment_name: intentional_delays
experiment_time: 1206.1206666666665
finish_time: '2020-01-23T08:59:53.820667'
fleet_idle_time: 47.19755138658012
fleet_travel_time: 30.813477928177523
fleet_work_time: 21.988970685242354
max_n_runs: 15
number_allocated_tasks: 25.0
number_completed_tasks: 21.066666666666666
number_delayed_tasks: 4.4
number_early_tasks: 1.0
number_on_time_tasks: 15.666666666666666
number_preempted_tasks: 0.0
number_re_allocation_attempts: 8.733333333333333
number_re_allocation_attempts_per_task: 1.1100962000962
number_re_allocations: 4.8
number_re_allocations_per_task: 1.1067460317460316
number_re_alloced_tasks: 3.7333333333333334
number_unallocated_tasks: 0.0
number_unsuccessfully_re_allocated_tasks: 3.933333333333333
re_allocation_time: 14.268266344070435
robot_001_usage: 14.933333333333334
robot_002_usage: 18.4
robot_003_usage: 14.4
robot_004_usage: 20.266666666666666
robot_005_usage: 16.266666666666666
start_time: '2020-01-23T08:39:47.700000'
success_rate: 0.7427680862234639
total_delay: 490.3333333333333
total_earliness: 19.133333333333333
