allocation_time: 184.13167899449667
approach: tessi-dsc-corrective-re-allocate
bid_times: {}
bidding_rule: completion_time
completion_rate: 0.8320000000000001
d_graph_re_computation_time: 0.9421408971150717
dataset_name: overlapping_tight_25_5_1
experiment_name: intentional_delays
experiment_time: 1128.2793333333332
finish_time: '2020-01-23T08:58:35.979333'
fleet_idle_time: 53.18991078124458
fleet_travel_time: 25.904664302089422
fleet_work_time: 20.905424916666
max_n_runs: 15
number_allocated_tasks: 24.266666666666666
number_completed_tasks: 20.8
number_delayed_tasks: 4.4
number_early_tasks: 1.8666666666666667
number_on_time_tasks: 14.533333333333333
number_preempted_tasks: 0.0
number_re_allocation_attempts: 9.066666666666666
number_re_allocation_attempts_per_task: 1.1113756613756611
number_re_allocations: 5.6
number_re_allocations_per_task: 0.9772222222222222
number_re_alloced_tasks: 4.6
number_unallocated_tasks: 0.7333333333333333
number_unsuccessfully_re_allocated_tasks: 3.466666666666667
re_allocation_time: 18.788152980804444
robot_001_usage: 15.733333333333333
robot_002_usage: 16.533333333333335
robot_003_usage: 17.866666666666667
robot_004_usage: 20.0
robot_005_usage: 13.066666666666666
start_time: '2020-01-23T08:39:47.700000'
success_rate: 0.6971841329278401
total_delay: 323.3333333333333
total_earliness: 25.733333333333334
