allocation_time: 670.7729186534882
approach: tessi-srea-preventive-re-schedule-re-allocate
bid_times:
  0: 1.191263006210327
  1: 1.3723717352144367
  2: 1.6263566032784884
  3: 1.8855303493200564
  4: 2.1319342999231248
  5: 2.398924378192786
  6: 2.7061250785986584
  7: 3.0010677083333333
  8: 3.464862004915873
bidding_rule: completion_time
completion_rate: 1.0
d_graph_re_computation_time: 27.517195725440978
dataset_name: nonoverlapping_random_25_1
experiment_name: robot_scalability_3
experiment_time: 6688.2
finish_time: '2020-01-23T11:45:37.200000'
fleet_idle_time: 82.2429090909091
fleet_travel_time: 10.953890909090909
fleet_work_time: 6.8032
max_n_runs: 10
number_allocated_tasks: 25.0
number_completed_tasks: 25.0
number_delayed_tasks: 5.4
number_early_tasks: 4.7
number_on_time_tasks: 14.9
number_preempted_tasks: 0.0
number_re_allocation_attempts: 2.1
number_re_allocation_attempts_per_task: 1.0
number_re_allocations: 2.1
number_re_allocations_per_task: 1.0
number_re_alloced_tasks: 2.1
number_unallocated_tasks: 0.0
number_unsuccessfully_re_allocated_tasks: 0.0
re_allocation_time: 7.042555975914001
robot_001_usage: 36.4
robot_002_usage: 32.0
robot_003_usage: 31.6
robot_004_usage: 0.0
robot_005_usage: 0.0
start_time: '2020-01-23T09:54:09'
success_rate: 0.5959999999999999
total_delay: 319.8
total_earliness: 304.1
